-1000
A
-4 6

1
A
-4 7
D
-3 6

1
A
-5 6
D
-4 6

1
A
-5 5
D
-4 7

5
A
-6 5
D
-5 6

1
A
-6 6
D
-5 5

1
A
-5 5
D
-6 5

1
A
-5 4
D
-6 6

5
A
-4 4
D
-5 5

1
A
-4 3
D
-5 4

1
A
-3 2
D
-4 4

1
A
-2 3
D
-4 3

5
A
-1 3
D
-3 2

1
A
-1 2
D
-2 3

1
A
0 3
D
-1 3

1
A
1 2
D
-1 2

5
A
0 2
D
0 3

1
A
0 3
D
1 2

1
A
-1 2
D
0 2

1
A
-1 1
D
0 3

5
A
-2 0
D
-1 2

1
A
-2 1
D
-1 1

1
A
-1 0
D
-2 0

1
A
-1 -1
D
-2 1

5
A
0 -1
D
-1 0

1
A
0 0
D
-1 -1

1

1
A
1 0
D
0 0

5
A
2 0
D
0 -1

1
A
1 -1
D
1 0

1
A
1 0
D
2 0

1
A
0 0
D
1 -1

5
D
1 0
