-1000
A
-16 -15

2
A
-15 -15
D
-16 -16

2
A
-15 -14
D
-16 -15

2
A
-14 -14
D
-15 -15

2
A
-14 -13
D
-15 -14

2
A
-13 -13
D
-14 -14

2
A
-13 -12
D
-14 -13

2
A
-12 -12
D
-13 -13

2
A
-12 -11
D
-13 -12

2
A
-11 -11
D
-12 -12

2
A
-11 -10
D
-12 -11

2
A
-10 -10
D
-11 -11

2
A
-10 -9
D
-11 -10

2
A
-9 -9
D
-10 -10

2
A
-9 -8
D
-10 -9

2
A
-8 -8
D
-9 -9

2
A
-8 -7
D
-9 -8

2
A
-7 -7
D
-8 -8

2
A
-7 -6
D
-8 -7

2
A
-6 -6
D
-7 -7

2
A
-6 -5
D
-7 -6

2
A
-5 -5
D
-6 -6

2
A
-5 -4
D
-6 -5

2
A
-4 -4
D
-5 -5

2
A
-4 -3
D
-5 -4

2
A
-3 -3
D
-4 -4

2
A
-3 -2
D
-4 -3

2
A
-2 -2
D
-3 -3

2
A
-2 -1
D
-3 -2

2
A
-1 -1
D
-2 -2

2
A
-1 0
D
-2 -1

2
A
0 0
D
-1 -1

2
D
-1 0